0.1	26389.5	0.00148598
0.101003	26389.5	0.00148845
0.102005	26389.5	0.00149093
0.103008	26389.5	0.00149343
0.10401	26389.5	0.00149594
0.105013	26389.5	0.00149848
0.106015	26389.5	0.00150936
0.107018	26389.5	0.00151207
0.10802	26389.5	0.0015148
0.109023	26389.5	0.00151754
0.110025	26389.5	0.00152031
0.111028	26389.5	0.00152309
0.11203	26389.5	0.00152589
0.113033	26389.5	0.0015287
0.114035	26389.5	0.00153154
0.115038	26389.5	0.00153439
0.11604	26389.5	0.00153725
0.117043	26389.5	0.00154014
0.118045	26389.5	0.00155314
0.119048	26389.5	0.00155621
0.12005	26389.5	0.0015593
0.121053	26389.5	0.0015624
0.122055	26389.5	0.00156553
0.123058	26389.5	0.00156867
0.12406	26389.5	0.00157183
0.125063	26389.5	0.001575
0.126065	26389.5	0.00157819
0.127068	26389.5	0.0015814
0.12807	26389.5	0.00158463
0.129073	26389.5	0.0015997
0.130075	26389.5	0.00160312
0.131078	26389.5	0.00160656
0.13208	26389.5	0.00161001
0.133083	26389.5	0.00161349
0.134085	26389.5	0.00161698
0.135088	26389.5	0.00162048
0.13609	26389.5	0.00162401
0.137093	26389.5	0.00162755
0.138095	26389.5	0.00164442
0.139098	26389.5	0.00164816
0.1401	26389.5	0.00165192
0.141103	26389.5	0.0016557
0.142105	26389.5	0.00165949
0.143108	26389.5	0.00166331
0.14411	26389.5	0.00166713
0.145113	26389.5	0.00167098
0.146115	26389.5	0.00167484
0.147118	26389.5	0.00169358
0.14812	26389.5	0.00169765
0.149123	26389.5	0.00170174
0.150125	26389.5	0.00170584
0.151128	26389.5	0.00170997
0.15213	26389.5	0.0017141
0.153133	26389.5	0.00171826
0.154135	26389.5	0.00172243
0.155138	26389.5	0.00174291
0.15614	26389.5	0.0017473
0.157143	26389.5	0.0017517
0.158145	26389.5	0.00175612
0.159148	26389.5	0.00176055
0.16015	26389.5	0.00176501
0.161153	26389.5	0.00176948
0.162155	26389.5	0.00179154
0.163158	26389.5	0.00179623
0.16416	26389.5	0.00180094
0.165163	26389.5	0.00180566
0.166165	26389.5	0.0018104
0.167168	26389.5	0.00181516
0.16817	26389.5	0.00181993
0.169173	26389.5	0.00184362
0.170175	26389.5	0.00184862
0.171178	26389.5	0.00185363
0.17218	26389.5	0.00185866
0.173183	26389.5	0.00186371
0.174185	26389.5	0.00186877
0.175188	26389.5	0.0018939
0.17619	26389.5	0.0018992
0.177193	26389.5	0.0019045
0.178195	26389.5	0.00190983
0.179198	26389.5	0.00191518
0.180201	26389.5	0.00194156
0.181203	26389.5	0.00194713
0.182206	26389.5	0.00195272
0.183208	26389.5	0.00195833
0.184211	26389.5	0.00196396
0.185213	26389.5	0.0019696
0.186216	26389.5	0.00199747
0.187218	26389.5	0.00200335
0.188221	26389.5	0.00200925
0.189223	26389.5	0.00201516
0.190226	26389.5	0.00202109
0.191228	26389.5	0.00205025
0.192231	26389.5	0.00205642
0.193233	26389.5	0.0020626
0.194236	26389.5	0.0020688
0.195238	26389.5	0.00209905
0.196241	26389.5	0.00210549
0.197243	26389.5	0.00211195
0.198246	26389.5	0.00211842
0.199248	26389.5	0.00214976
0.200251	26389.5	0.00215648
0.201253	26389.5	0.00216322
0.202256	26389.5	0.00216997
0.203258	26389.5	0.00220242
0.204261	26389.5	0.00220941
0.205263	26389.5	0.00221643
0.206266	26389.5	0.00222346
0.207268	26389.5	0.00225702
0.208271	26389.5	0.0022643
0.209273	26389.5	0.0022716
0.210276	26389.5	0.00227891
0.211278	26389.5	0.00231359
0.212281	26389.5	0.00232116
0.213283	26389.5	0.00232874
0.214286	26389.5	0.00236432
0.215288	26389.5	0.00237215
0.216291	26389.5	0.00238
0.217293	26389.5	0.00241648
0.218296	26389.5	0.00242459
0.219298	26389.5	0.00243271
0.220301	26389.5	0.00247009
0.221303	26389.5	0.00247847
0.222306	26389.5	0.00248686
0.223308	26389.5	0.00252516
0.224311	26389.5	0.00253381
0.225313	26389.5	0.00254248
0.226316	26389.5	0.0025817
0.227318	26389.5	0.00259062
0.228321	26389.5	0.00263052
0.229323	26389.5	0.0026397
0.230326	26389.5	0.0026489
0.231328	26389.5	0.00268972
0.232331	26389.5	0.00269918
0.233333	26389.5	0.00274068
0.234336	26389.5	0.0027504
0.235338	26389.5	0.0027926
0.236341	26389.5	0.00280257
0.237343	26389.5	0.00284546
0.238346	26389.5	0.0028557
0.239348	26389.5	0.00289927
0.240351	26389.5	0.00290977
0.241353	26389.5	0.00295404
0.242356	26389.5	0.0029648
0.243358	26389.5	0.00300976
0.244361	26389.5	0.00302079
0.245363	26389.5	0.00306644
0.246366	26389.5	0.00307773
0.247368	26389.5	0.00312407
0.248371	26389.5	0.00317087
0.249373	26389.5	0.00318267
0.250376	26389.5	0.00323016
0.251378	26389.5	0.00324222
0.252381	26389.5	0.00329041
0.253383	26389.5	0.00333904
0.254386	26389.5	0.00335162
0.255388	26389.5	0.00340095
0.256391	26389.5	0.00345073
0.257393	26389.5	0.00350095
0.258396	26389.5	0.00351429
0.259398	26389.5	0.00356521
0.260401	26389.5	0.00361658
0.261404	26389.5	0.00366839
0.262406	26389.5	0.00372065
0.263409	26389.5	0.00377335
0.264411	26389.5	0.0038265
0.265414	26389.5	0.00388009
0.266416	26389.5	0.00389518
0.267419	26389.5	0.00394946
0.268421	26389.5	0.00400418
0.269424	26389.5	0.00409887
0.270426	26389.5	0.00415467
0.271429	26389.5	0.0042109
0.272431	26389.5	0.00426757
0.273434	26389.5	0.00432467
0.274436	26389.5	0.0043822
0.275439	26389.5	0.00444017
0.276441	26389.5	0.00453939
0.277444	26389.5	0.0045984
0.278446	26389.5	0.00465783
0.279449	26389.5	0.00475903
0.280451	26389.5	0.00481949
0.281454	26389.5	0.00492202
0.282456	26389.5	0.0049835
0.283459	26389.5	0.00508735
0.284461	26389.5	0.00514982
0.285464	26389.5	0.00525496
0.286466	26389.5	0.00536079
0.287469	26389.5	0.00546731
0.288471	26389.5	0.00553189
0.289474	26389.5	0.00563964
0.290476	26389.5	0.00574804
0.291479	26389.5	0.00585709
0.292481	26389.5	0.00596676
0.293484	26389.5	0.00607706
0.294486	26389.5	0.00623117
0.295489	26389.5	0.00634274
0.296491	26389.5	0.00645488
0.297494	26389.5	0.00656758
0.298496	26389.5	0.00672426
0.299499	26389.5	0.00683809
0.300501	26389.5	0.00699591
0.301504	26389.5	0.00715423
0.302506	26389.5	0.00726959
0.303509	26389.5	0.00742885
0.304511	26389.5	0.0075885
0.305514	26389.5	0.00770515
0.306516	26389.5	0.00786551
0.307519	26389.5	0.00802614
0.308521	26389.5	0.00818697
0.309524	26389.5	0.00834796
0.310526	26389.5	0.00850905
0.311529	26389.5	0.0086702
0.312531	26389.5	0.00883133
0.313534	26389.5	0.00903481
0.314536	26389.5	0.00919558
0.315539	26389.5	0.00935615
0.316541	26389.5	0.00951646
0.317544	26389.5	0.00967644
0.318546	26389.5	0.00983602
0.319549	26389.5	0.00999514
0.320551	26389.5	0.0101537
0.321554	26389.5	0.0103117
0.322556	26389.5	0.0105092
0.323559	26389.5	0.0106654
0.324561	26389.5	0.0108208
0.325564	26389.5	0.0109753
0.326566	26389.5	0.0111288
0.327569	26389.5	0.0112428
0.328571	26389.5	0.0113945
0.329574	26389.5	0.0115449
0.330576	26389.5	0.011694
0.331579	26389.5	0.0118417
0.332581	26389.5	0.0119516
0.333584	26389.5	0.0120968
0.334586	26389.5	0.0122403
0.335589	26389.5	0.0123472
0.336591	26389.5	0.0124877
0.337594	26389.5	0.0125924
0.338596	26389.5	0.012696
0.339599	26389.5	0.0128318
0.340602	26389.5	0.0129329
0.341604	26389.5	0.0130329
0.342607	26389.5	0.0131634
0.343609	26389.5	0.0132605
0.344612	26389.5	0.0133563
0.345614	26389.5	0.0134507
0.346617	26389.5	0.0135438
0.347619	26389.5	0.0136355
0.348622	26389.5	0.0137257
0.349624	26389.5	0.0138145
0.350627	26389.5	0.0138739
0.351629	26389.5	0.0139601
0.352632	26389.5	0.0140446
0.353634	26389.5	0.0141274
0.354637	26389.5	0.0141829
0.355639	26389.5	0.014263
0.356642	26389.5	0.0143412
0.357644	26389.5	0.0143935
0.358647	26389.5	0.0144687
0.359649	26389.5	0.014519
0.360652	26389.5	0.0145684
0.361654	26389.5	0.0146392
0.362657	26389.5	0.0146864
0.363659	26389.5	0.0147538
0.364662	26389.5	0.0147988
0.365664	26389.5	0.0148428
0.366667	26389.5	0.0148858
0.367669	26389.5	0.014947
0.368672	26389.5	0.0149876
0.369674	26389.5	0.0150273
0.370677	26389.5	0.0150659
0.371679	26389.5	0.0151035
0.372682	26389.5	0.0151401
0.373684	26389.5	0.0151756
0.374687	26389.5	0.0152101
0.375689	26389.5	0.0152436
0.376692	26389.5	0.0152759
0.377694	26389.5	0.0153072
0.378697	26389.5	0.0153374
0.379699	26389.5	0.0153665
0.380702	26389.5	0.0153945
0.381704	26389.5	0.0154091
0.382707	26389.5	0.0154354
0.383709	26389.5	0.0154605
0.384712	26389.5	0.0154846
0.385714	26389.5	0.0154971
0.386717	26389.5	0.0155193
0.387719	26389.5	0.0155405
0.388722	26389.5	0.0155605
0.389724	26389.5	0.0155708
0.390727	26389.5	0.015589
0.391729	26389.5	0.0156061
0.392732	26389.5	0.0156148
0.393734	26389.5	0.0156301
0.394737	26389.5	0.0156378
0.395739	26389.5	0.0156513
0.396742	26389.5	0.0156636
0.397744	26389.5	0.0156698
0.398747	26389.5	0.0156803
0.399749	26389.5	0.0156855
0.400752	26389.5	0.0156942
0.401754	26389.5	0.0156984
0.402757	26389.5	0.0157054
0.403759	26389.5	0.0157087
0.404762	26389.5	0.0157116
0.405764	26389.5	0.0157162
0.406767	26389.5	0.0157181
0.407769	26389.5	0.0157209
0.408772	26389.5	0.0157219
0.409774	26389.5	0.0157226
0.410777	26389.5	0.0157231
0.411779	26389.5	0.0157228
0.412782	26389.5	0.0157215
0.413784	26389.5	0.0157204
0.414787	26389.5	0.0157189
0.415789	26389.5	0.0157153
0.416792	26389.5	0.0157129
0.417794	26389.5	0.0157102
0.418797	26389.5	0.0157072
0.419799	26389.5	0.0157007
0.420802	26389.5	0.0156968
0.421805	26389.5	0.0156927
0.422807	26389.5	0.0156839
0.42381	26389.5	0.0156789
0.424812	26389.5	0.0156735
0.425815	26389.5	0.0156679
0.426817	26389.5	0.015662
0.42782	26389.5	0.01565
0.428822	26389.5	0.0156433
0.429825	26389.5	0.0156363
0.430827	26389.5	0.015629
0.43183	26389.5	0.0156214
0.432832	26389.5	0.0156062
0.433835	26389.5	0.0155979
0.434837	26389.5	0.0155893
0.43584	26389.5	0.0155804
0.436842	26389.5	0.0155713
0.437845	26389.5	0.015562
0.438847	26389.5	0.0155432
0.43985	26389.5	0.0155331
0.440852	26389.5	0.0155228
0.441855	26389.5	0.0155122
0.442857	26389.5	0.0155014
0.44386	26389.5	0.0154903
0.444862	26389.5	0.0154791
0.445865	26389.5	0.0154676
0.446867	26389.5	0.0154559
0.44787	26389.5	0.0154324
0.448872	26389.5	0.01542
0.449875	26389.5	0.0154074
0.450877	26389.5	0.0153946
0.45188	26389.5	0.0153816
0.452882	26389.5	0.0153684
0.453885	26389.5	0.015355
0.454887	26389.5	0.0153414
0.45589	26389.5	0.0153276
0.456892	26389.5	0.0153136
0.457895	26389.5	0.0152995
0.458897	26389.5	0.0152851
0.4599	26389.5	0.0152706
0.460902	26389.5	0.0152559
0.461905	26389.5	0.0152411
0.462907	26389.5	0.015226
0.46391	26389.5	0.0151957
0.464912	26389.5	0.0151801
0.465915	26389.5	0.0151644
0.466917	26389.5	0.0151486
0.46792	26389.5	0.0151325
0.468922	26389.5	0.0151164
0.469925	26389.5	0.0151001
0.470927	26389.5	0.0150836
0.47193	26389.5	0.015067
0.472932	26389.5	0.0150503
0.473935	26389.5	0.0150335
0.474937	26389.5	0.0150165
0.47594	26389.5	0.0149994
0.476942	26389.5	0.0149822
0.477945	26389.5	0.0149649
0.478947	26389.5	0.0149474
0.47995	26389.5	0.0149298
0.480952	26389.5	0.0149122
0.481955	26389.5	0.0148944
0.482957	26389.5	0.0148765
0.48396	26389.5	0.0148585
0.484962	26389.5	0.0148592
0.485965	26389.5	0.0148412
0.486967	26389.5	0.0148231
0.48797	26389.5	0.0148048
0.488972	26389.5	0.0147865
0.489975	26389.5	0.0147682
0.490977	26389.5	0.0147497
0.49198	26389.5	0.0147312
0.492982	26389.5	0.0147126
0.493985	26389.5	0.0146939
0.494987	26389.5	0.0146751
0.49599	26389.5	0.0146563
0.496992	26389.5	0.0146374
0.497995	26389.5	0.0146185
0.498997	26389.5	0.0145995
0.5	26389.5	0.0145804
