0.1	10615.8	0.0014023
0.101003	10615.8	0.00140324
0.102005	10615.8	0.00140418
0.103008	10615.8	0.00140513
0.10401	10615.8	0.00140609
0.105013	10615.8	0.00140705
0.106015	10615.8	0.00140802
0.107018	10615.8	0.001409
0.10802	10615.8	0.00140998
0.109023	10615.8	0.00141097
0.110025	10615.8	0.00141197
0.111028	10615.8	0.00141661
0.11203	10615.8	0.00141768
0.113033	10615.8	0.00141875
0.114035	10615.8	0.00141984
0.115038	10615.8	0.00142092
0.11604	10615.8	0.00142202
0.117043	10615.8	0.00142312
0.118045	10615.8	0.00142423
0.119048	10615.8	0.00142534
0.12005	10615.8	0.00142646
0.121053	10615.8	0.00142759
0.122055	10615.8	0.00142872
0.123058	10615.8	0.00142986
0.12406	10615.8	0.001431
0.125063	10615.8	0.00143215
0.126065	10615.8	0.00143331
0.127068	10615.8	0.00143447
0.12807	10615.8	0.00143564
0.129073	10615.8	0.00143682
0.130075	10615.8	0.00144283
0.131078	10615.8	0.00144409
0.13208	10615.8	0.00144535
0.133083	10615.8	0.00144661
0.134085	10615.8	0.00144789
0.135088	10615.8	0.00144916
0.13609	10615.8	0.00145045
0.137093	10615.8	0.00145174
0.138095	10615.8	0.00145304
0.139098	10615.8	0.00145434
0.1401	10615.8	0.00145565
0.141103	10615.8	0.00145696
0.142105	10615.8	0.00145829
0.143108	10615.8	0.00145961
0.14411	10615.8	0.00146095
0.145113	10615.8	0.00146228
0.146115	10615.8	0.00146363
0.147118	10615.8	0.00147097
0.14812	10615.8	0.0014724
0.149123	10615.8	0.00147383
0.150125	10615.8	0.00147527
0.151128	10615.8	0.00147672
0.15213	10615.8	0.00147817
0.153133	10615.8	0.00147963
0.154135	10615.8	0.00148109
0.155138	10615.8	0.00148256
0.15614	10615.8	0.00148403
0.157143	10615.8	0.00148551
0.158145	10615.8	0.001487
0.159148	10615.8	0.00148849
0.16015	10615.8	0.00148999
0.161153	10615.8	0.00149149
0.162155	10615.8	0.001493
0.163158	10615.8	0.00150168
0.16416	10615.8	0.00150328
0.165163	10615.8	0.00150488
0.166165	10615.8	0.00150649
0.167168	10615.8	0.0015081
0.16817	10615.8	0.00150972
0.169173	10615.8	0.00151134
0.170175	10615.8	0.00151297
0.171178	10615.8	0.00151461
0.17218	10615.8	0.00151625
0.173183	10615.8	0.0015179
0.174185	10615.8	0.00151955
0.175188	10615.8	0.00152121
0.17619	10615.8	0.00152287
0.177193	10615.8	0.00153279
0.178195	10615.8	0.00153455
0.179198	10615.8	0.00153631
0.180201	10615.8	0.00153807
0.181203	10615.8	0.00153984
0.182206	10615.8	0.00154162
0.183208	10615.8	0.0015434
0.184211	10615.8	0.00154519
0.185213	10615.8	0.00154698
0.186216	10615.8	0.00154878
0.187218	10615.8	0.00155058
0.188221	10615.8	0.00155239
0.189223	10615.8	0.0015542
0.190226	10615.8	0.00155602
0.191228	10615.8	0.00156724
0.192231	10615.8	0.00156915
0.193233	10615.8	0.00157107
0.194236	10615.8	0.00157299
0.195238	10615.8	0.00157492
0.196241	10615.8	0.00157685
0.197243	10615.8	0.00157879
0.198246	10615.8	0.00158074
0.199248	10615.8	0.00158269
0.200251	10615.8	0.00158465
0.201253	10615.8	0.00158661
0.202256	10615.8	0.00158857
0.203258	10615.8	0.00160095
0.204261	10615.8	0.00160301
0.205263	10615.8	0.00160508
0.206266	10615.8	0.00160715
0.207268	10615.8	0.00160923
0.208271	10615.8	0.00161131
0.209273	10615.8	0.0016134
0.210276	10615.8	0.00161549
0.211278	10615.8	0.00161759
0.212281	10615.8	0.0016197
0.213283	10615.8	0.00162181
0.214286	10615.8	0.00162392
0.215288	10615.8	0.00163748
0.216291	10615.8	0.0016397
0.217293	10615.8	0.00164192
0.218296	10615.8	0.00164414
0.219298	10615.8	0.00164637
0.220301	10615.8	0.0016486
0.221303	10615.8	0.00165084
0.222306	10615.8	0.00165309
0.223308	10615.8	0.00165534
0.224311	10615.8	0.00165759
0.225313	10615.8	0.00165985
0.226316	10615.8	0.00167454
0.227318	10615.8	0.0016769
0.228321	10615.8	0.00167926
0.229323	10615.8	0.00168163
0.230326	10615.8	0.00168401
0.231328	10615.8	0.00168639
0.232331	10615.8	0.00168878
0.233333	10615.8	0.00169117
0.234336	10615.8	0.00169356
0.235338	10615.8	0.00169597
0.236341	10615.8	0.00171171
0.237343	10615.8	0.00171421
0.238346	10615.8	0.00171672
0.239348	10615.8	0.00171923
0.240351	10615.8	0.00172175
0.241353	10615.8	0.00172427
0.242356	10615.8	0.0017268
0.243358	10615.8	0.00172934
0.244361	10615.8	0.00173187
0.245363	10615.8	0.00174859
0.246366	10615.8	0.00175123
0.247368	10615.8	0.00175388
0.248371	10615.8	0.00175653
0.249373	10615.8	0.00175919
0.250376	10615.8	0.00176185
0.251378	10615.8	0.00176452
0.252381	10615.8	0.00176719
0.253383	10615.8	0.00176987
0.254386	10615.8	0.00178757
0.255388	10615.8	0.00179035
0.256391	10615.8	0.00179314
0.257393	10615.8	0.00179593
0.258396	10615.8	0.00179873
0.259398	10615.8	0.00180153
0.260401	10615.8	0.00180434
0.261404	10615.8	0.00180716
0.262406	10615.8	0.00182576
0.263409	10615.8	0.00182868
0.264411	10615.8	0.0018316
0.265414	10615.8	0.00183453
0.266416	10615.8	0.00183747
0.267419	10615.8	0.0018404
0.268421	10615.8	0.00184335
0.269424	10615.8	0.0018463
0.270426	10615.8	0.00186581
0.271429	10615.8	0.00186887
0.272431	10615.8	0.00187193
0.273434	10615.8	0.001875
0.274436	10615.8	0.00187807
0.275439	10615.8	0.00188115
0.276441	10615.8	0.00188423
0.277444	10615.8	0.00190456
0.278446	10615.8	0.00190775
0.279449	10615.8	0.00191095
0.280451	10615.8	0.00191415
0.281454	10615.8	0.00191735
0.282456	10615.8	0.00192056
0.283459	10615.8	0.00192378
0.284461	10615.8	0.00194494
0.285464	10615.8	0.00194826
0.286466	10615.8	0.00195159
0.287469	10615.8	0.00195492
0.288471	10615.8	0.00195826
0.289474	10615.8	0.00196161
0.290476	10615.8	0.00196496
0.291479	10615.8	0.00198695
0.292481	10615.8	0.00199041
0.293484	10615.8	0.00199388
0.294486	10615.8	0.00199735
0.295489	10615.8	0.00200082
0.296491	10615.8	0.0020043
0.297494	10615.8	0.00202703
0.298496	10615.8	0.00203062
0.299499	10615.8	0.00203421
0.300501	10615.8	0.00203782
0.301504	10615.8	0.00204142
0.302506	10615.8	0.00204503
0.303509	10615.8	0.0020685
0.304511	10615.8	0.00207222
0.305514	10615.8	0.00207595
0.306516	10615.8	0.00207968
0.307519	10615.8	0.00208342
0.308521	10615.8	0.00210752
0.309524	10615.8	0.00211137
0.310526	10615.8	0.00211523
0.311529	10615.8	0.00211909
0.312531	10615.8	0.00212295
0.313534	10615.8	0.00212682
0.314536	10615.8	0.00215167
0.315539	10615.8	0.00215566
0.316541	10615.8	0.00215965
0.317544	10615.8	0.00216364
0.318546	10615.8	0.00216764
0.319549	10615.8	0.00219313
0.320551	10615.8	0.00219724
0.321554	10615.8	0.00220136
0.322556	10615.8	0.00220548
0.323559	10615.8	0.00223151
0.324561	10615.8	0.00223575
0.325564	10615.8	0.00223999
0.326566	10615.8	0.00224424
0.327569	10615.8	0.00224849
0.328571	10615.8	0.00227516
0.329574	10615.8	0.00227953
0.330576	10615.8	0.0022839
0.331579	10615.8	0.00228828
0.332581	10615.8	0.0023155
0.333584	10615.8	0.00231999
0.334586	10615.8	0.00232449
0.335589	10615.8	0.00232899
0.336591	10615.8	0.00235675
0.337594	10615.8	0.00236136
0.338596	10615.8	0.00236599
0.339599	10615.8	0.00237062
0.340602	10615.8	0.00239892
0.341604	10615.8	0.00240366
0.342607	10615.8	0.00240841
0.343609	10615.8	0.00241317
0.344612	10615.8	0.00244201
0.345614	10615.8	0.00244688
0.346617	10615.8	0.00245176
0.347619	10615.8	0.00245664
0.348622	10615.8	0.00248603
0.349624	10615.8	0.00249103
0.350627	10615.8	0.00249603
0.351629	10615.8	0.00252586
0.352632	10615.8	0.00253098
0.353634	10615.8	0.00253611
0.354637	10615.8	0.00254124
0.355639	10615.8	0.00257161
0.356642	10615.8	0.00257686
0.357644	10615.8	0.00258212
0.358647	10615.8	0.00261292
0.359649	10615.8	0.0026183
0.360652	10615.8	0.00262367
0.361654	10615.8	0.00265492
0.362657	10615.8	0.00266041
0.363659	10615.8	0.00266592
0.364662	10615.8	0.0026976
0.365664	10615.8	0.00270322
0.366667	10615.8	0.00270884
0.367669	10615.8	0.00274096
0.368672	10615.8	0.0027467
0.369674	10615.8	0.00275245
0.370677	10615.8	0.00278501
0.371679	10615.8	0.00279088
0.372682	10615.8	0.00282376
0.373684	10615.8	0.00282975
0.374687	10615.8	0.00283574
0.375689	10615.8	0.00286906
0.376692	10615.8	0.00287517
0.377694	10615.8	0.00288128
0.378697	10615.8	0.00291504
0.379699	10615.8	0.00292128
0.380702	10615.8	0.00295536
0.381704	10615.8	0.00296172
0.382707	10615.8	0.00299613
0.383709	10615.8	0.0030026
0.384712	10615.8	0.00300908
0.385714	10615.8	0.00304393
0.386717	10615.8	0.00305052
0.387719	10615.8	0.0030857
0.388722	10615.8	0.00309241
0.389724	10615.8	0.00312791
0.390727	10615.8	0.00313475
0.391729	10615.8	0.00317057
0.392732	10615.8	0.00317752
0.393734	10615.8	0.00321367
0.394737	10615.8	0.00322075
0.395739	10615.8	0.00325722
0.396742	10615.8	0.00326441
0.397744	10615.8	0.0033012
0.398747	10615.8	0.00330852
0.399749	10615.8	0.00334563
0.400752	10615.8	0.00335307
0.401754	10615.8	0.00339051
0.402757	10615.8	0.00342815
0.403759	10615.8	0.00343582
0.404762	10615.8	0.00347379
0.405764	10615.8	0.00348157
0.406767	10615.8	0.00351986
0.407769	10615.8	0.00355836
0.408772	10615.8	0.00356638
0.409774	10615.8	0.0036052
0.410777	10615.8	0.00364422
0.411779	10615.8	0.00365247
0.412782	10615.8	0.00369181
0.413784	10615.8	0.00373136
0.414787	10615.8	0.00373985
0.415789	10615.8	0.00377971
0.416792	10615.8	0.00381978
0.417794	10615.8	0.00386005
0.418797	10615.8	0.00386888
0.419799	10615.8	0.00390947
0.420802	10615.8	0.00395026
0.421805	10615.8	0.00399125
0.422807	10615.8	0.00400043
0.42381	10615.8	0.00404173
0.424812	10615.8	0.00408324
0.425815	10615.8	0.00412494
0.426817	10615.8	0.00416685
0.42782	10615.8	0.00420895
0.428822	10615.8	0.00425125
0.429825	10615.8	0.00426111
0.430827	10615.8	0.00430372
0.43183	10615.8	0.00434653
0.432832	10615.8	0.00438953
0.433835	10615.8	0.00443272
0.434837	10615.8	0.00447612
0.43584	10615.8	0.0045197
0.436842	10615.8	0.00456348
0.437845	10615.8	0.00460745
0.438847	10615.8	0.00465161
0.43985	10615.8	0.00472942
0.440852	10615.8	0.00477404
0.441855	10615.8	0.00481885
0.442857	10615.8	0.00486385
0.44386	10615.8	0.00490903
0.444862	10615.8	0.0049544
0.445865	10615.8	0.00503385
0.446867	10615.8	0.00507967
0.44787	10615.8	0.00512566
0.448872	10615.8	0.00517184
0.449875	10615.8	0.00525236
0.450877	10615.8	0.00529897
0.45188	10615.8	0.00534576
0.452882	10615.8	0.00542707
0.453885	10615.8	0.00547428
0.454887	10615.8	0.00555612
0.45589	10615.8	0.00560375
0.456892	10615.8	0.0056861
0.457895	10615.8	0.00573413
0.458897	10615.8	0.00581698
0.4599	10615.8	0.00586541
0.460902	10615.8	0.00594875
0.461905	10615.8	0.00603234
0.462907	10615.8	0.00608138
0.46391	10615.8	0.00616544
0.464912	10615.8	0.00624973
0.465915	10615.8	0.00633425
0.466917	10615.8	0.00638408
0.46792	10615.8	0.00646903
0.468922	10615.8	0.0065542
0.469925	10615.8	0.00663957
0.470927	10615.8	0.00672514
0.47193	10615.8	0.00681091
0.472932	10615.8	0.00689687
0.473935	10615.8	0.00698301
0.474937	10615.8	0.00706933
0.47594	10615.8	0.00715581
0.476942	10615.8	0.00724246
0.477945	10615.8	0.00732926
0.478947	10615.8	0.0074162
0.47995	10615.8	0.0075382
0.480952	10615.8	0.0076254
0.481955	10615.8	0.00771272
0.482957	10615.8	0.00780015
0.48396	10615.8	0.00792246
0.484962	10615.8	0.00801006
0.485965	10615.8	0.00809775
0.486967	10615.8	0.00822013
0.48797	10615.8	0.00830792
0.488972	10615.8	0.00839576
0.489975	10615.8	0.00851808
0.490977	10615.8	0.00860596
0.49198	10615.8	0.00872813
0.492982	10615.8	0.00881599
0.493985	10615.8	0.00890385
0.494987	10615.8	0.00902572
0.49599	10615.8	0.00911349
0.496992	10615.8	0.00923503
0.497995	10615.8	0.00932265
0.498997	10615.8	0.00944379
0.5	10615.8	0.0095312
